421 #SUP: 600
1784 #SUP: 600
676 #SUP: 601
426 #SUP: 606
8979 #SUP: 606
442 #SUP: 609
210 #SUP: 611
1987 #SUP: 614
15619 #SUP: 614
10447 #SUP: 618
252 #SUP: 621
2047 #SUP: 625
810 #SUP: 626
866 #SUP: 632
280 #SUP: 633
341 #SUP: 643
790 #SUP: 648
273 #SUP: 650
3617 #SUP: 654
106 #SUP: 657
39 106 #SUP: 643
187 #SUP: 660
1199 #SUP: 660
1136 #SUP: 667
16012 #SUP: 669
16011 16012 #SUP: 651
397 #SUP: 674
380 #SUP: 677
260 #SUP: 684
1815 #SUP: 688
450 #SUP: 690
261 #SUP: 691
408 #SUP: 693
465 #SUP: 695
270 #SUP: 701
56 #SUP: 704
39 56 #SUP: 657
682 #SUP: 704
12 #SUP: 711
11 #SUP: 712
536 #SUP: 718
489 #SUP: 720
807 #SUP: 741
12930 #SUP: 742
665 #SUP: 752
773 #SUP: 752
1345 #SUP: 753
24 #SUP: 758
108 #SUP: 765
1436 #SUP: 765
335 #SUP: 774
372 #SUP: 782
39 372 #SUP: 767
571 #SUP: 792
767 #SUP: 797
1601 #SUP: 801
704 #SUP: 806
104 #SUP: 812
977 #SUP: 817
230 #SUP: 820
813 #SUP: 821
157 #SUP: 830
390 #SUP: 831
550 #SUP: 843
545 #SUP: 851
650 #SUP: 857
19 #SUP: 860
77 #SUP: 869
1579 #SUP: 874
406 #SUP: 879
10516 #SUP: 882
265 #SUP: 895
2959 #SUP: 904
49 2959 #SUP: 779
40 2959 #SUP: 655
46 #SUP: 911
243 #SUP: 911
957 #SUP: 911
40 957 #SUP: 600
32 #SUP: 920
480 #SUP: 926
3271 #SUP: 950
784 #SUP: 965
40 784 #SUP: 640
176 #SUP: 970
40 176 #SUP: 631
523 #SUP: 974
40 523 #SUP: 648
259 #SUP: 987
49 259 #SUP: 643
40 259 #SUP: 628
180 #SUP: 998
49 180 #SUP: 624
40 180 #SUP: 653
20 #SUP: 1005
162 #SUP: 1010
40 162 #SUP: 622
118 #SUP: 1026
49 118 #SUP: 601
13042 #SUP: 1051
49 13042 #SUP: 602
40 13042 #SUP: 688
79 #SUP: 1060
49 79 #SUP: 824
40 49 79 #SUP: 610
40 79 #SUP: 774
38 #SUP: 1074
38 39 #SUP: 1046
38 39 40 #SUP: 684
38 40 #SUP: 707
1005 #SUP: 1102
49 1005 #SUP: 614
678 #SUP: 1110
49 678 #SUP: 666
40 678 #SUP: 635
590 #SUP: 1119
49 590 #SUP: 628
40 590 #SUP: 708
50 #SUP: 1120
49 50 #SUP: 843
40 49 50 #SUP: 617
40 50 #SUP: 768
202 #SUP: 1133
49 202 #SUP: 674
40 202 #SUP: 669
549 #SUP: 1137
49 549 #SUP: 658
40 549 #SUP: 663
15833 #SUP: 1143
40 15833 #SUP: 718
250 #SUP: 1160
49 250 #SUP: 675
40 250 #SUP: 752
1394 #SUP: 1161
49 1394 #SUP: 669
40 1394 #SUP: 789
16218 #SUP: 1166
49 16218 #SUP: 647
40 16218 #SUP: 728
741 #SUP: 1181
40 741 #SUP: 759
287 #SUP: 1183
39 287 #SUP: 1116
39 40 287 #SUP: 728
40 287 #SUP: 750
302 #SUP: 1204
49 302 #SUP: 658
40 302 #SUP: 715
605 #SUP: 1209
49 605 #SUP: 687
40 605 #SUP: 775
825 #SUP: 1210
49 825 #SUP: 701
40 825 #SUP: 703
593 #SUP: 1227
49 593 #SUP: 743
40 593 #SUP: 723
339 #SUP: 1274
49 339 #SUP: 779
40 339 #SUP: 742
14099 #SUP: 1291
49 14099 #SUP: 698
40 14099 #SUP: 801
124 #SUP: 1302
49 124 #SUP: 797
40 124 #SUP: 726
16011 #SUP: 1316
49 16011 #SUP: 730
40 16011 #SUP: 829
10 #SUP: 1372
10 49 #SUP: 790
10 40 #SUP: 832
186 #SUP: 1376
49 186 #SUP: 816
40 186 #SUP: 828
1147 #SUP: 1426
49 1147 #SUP: 811
40 49 1147 #SUP: 623
40 1147 #SUP: 983
12926 #SUP: 1467
49 12926 #SUP: 817
40 12926 #SUP: 938
256 #SUP: 1474
49 256 #SUP: 1057
40 49 256 #SUP: 813
40 256 #SUP: 1057
534 #SUP: 1487
49 534 #SUP: 861
40 49 534 #SUP: 632
40 534 #SUP: 922
61 #SUP: 1489
49 61 #SUP: 815
40 49 61 #SUP: 609
40 61 #SUP: 983
80 #SUP: 1600
49 80 #SUP: 893
40 49 80 #SUP: 699
40 80 #SUP: 1111
2239 #SUP: 1715
49 2239 #SUP: 955
40 49 2239 #SUP: 788
40 2239 #SUP: 1287
271 #SUP: 1734
271 272 #SUP: 680
49 271 #SUP: 957
40 49 271 #SUP: 733
40 271 #SUP: 1194
148 #SUP: 1779
49 148 #SUP: 1036
40 49 148 #SUP: 742
40 148 #SUP: 1137
1328 #SUP: 1786
49 1328 #SUP: 968
40 49 1328 #SUP: 720
40 1328 #SUP: 1156
439 #SUP: 1863
49 439 #SUP: 1025
40 49 439 #SUP: 780
40 439 #SUP: 1260
414 #SUP: 1880
49 414 #SUP: 1135
40 49 414 #SUP: 781
40 414 #SUP: 1130
272 #SUP: 2094
49 272 #SUP: 1090
40 49 272 #SUP: 827
40 272 #SUP: 1434
476 #SUP: 2167
49 476 #SUP: 1428
40 49 476 #SUP: 1092
40 476 #SUP: 1500
102 #SUP: 2237
49 102 #SUP: 1311
40 49 102 #SUP: 946
40 102 #SUP: 1400
311 #SUP: 2594
42 311 #SUP: 719
40 42 311 #SUP: 625
49 311 #SUP: 1692
40 49 311 #SUP: 1347
40 311 #SUP: 1852
111 #SUP: 2794
42 111 #SUP: 677
39 42 111 #SUP: 666
39 111 #SUP: 2725
39 49 111 #SUP: 1361
39 40 49 111 #SUP: 1031
39 40 111 #SUP: 1740
49 111 #SUP: 1380
40 49 111 #SUP: 1037
40 111 #SUP: 1759
37 #SUP: 2936
37 42 #SUP: 700
37 39 42 #SUP: 671
37 39 #SUP: 2790
37 39 49 #SUP: 1360
37 39 40 49 #SUP: 1080
37 39 40 #SUP: 1945
37 49 #SUP: 1416
37 40 49 #SUP: 1116
37 40 #SUP: 2037
238 #SUP: 3032
39 238 #SUP: 683
49 238 #SUP: 1682
40 49 238 #SUP: 1244
40 238 #SUP: 1929
171 #SUP: 3099
42 171 #SUP: 805
39 42 171 #SUP: 794
39 40 42 171 #SUP: 615
40 42 171 #SUP: 624
39 171 #SUP: 3031
39 49 171 #SUP: 1538
39 40 49 171 #SUP: 1193
39 40 171 #SUP: 2019
49 171 #SUP: 1557
40 49 171 #SUP: 1206
40 171 #SUP: 2059
226 #SUP: 3257
42 226 #SUP: 877
40 42 226 #SUP: 726
33 226 #SUP: 655
39 226 #SUP: 681
49 226 #SUP: 1736
40 49 226 #SUP: 1400
40 226 #SUP: 2351
90 #SUP: 3837
42 90 #SUP: 732
42 49 90 #SUP: 606
40 42 90 #SUP: 619
33 90 #SUP: 713
39 90 #SUP: 764
49 90 #SUP: 2798
40 49 90 #SUP: 2125
40 90 #SUP: 2749
66 #SUP: 4472
42 66 #SUP: 995
42 49 66 #SUP: 663
40 42 66 #SUP: 792
33 66 #SUP: 774
39 66 #SUP: 643
49 66 #SUP: 2529
40 49 66 #SUP: 1797
40 66 #SUP: 2787
42 #SUP: 14945
33 42 #SUP: 3196
33 39 42 #SUP: 805
33 39 40 42 #SUP: 622
33 42 49 #SUP: 2063
33 40 42 49 #SUP: 1646
33 40 42 #SUP: 2359
39 42 #SUP: 3897
39 42 49 #SUP: 2374
39 40 42 49 #SUP: 1991
39 40 42 #SUP: 3051
42 49 #SUP: 9018
40 42 49 #SUP: 7366
40 42 #SUP: 11414
33 #SUP: 15167
33 39 #SUP: 2833
33 39 49 #SUP: 1646
33 39 40 49 #SUP: 1236
33 39 40 #SUP: 1840
33 49 #SUP: 8034
33 40 49 #SUP: 5402
33 40 #SUP: 8455
39 #SUP: 15596
39 49 #SUP: 7944
39 40 49 #SUP: 6102
39 40 #SUP: 10345
49 #SUP: 42135
40 49 #SUP: 29142
40 #SUP: 50675
